process_count: 2 C F
CUDA_DVR: 1.6904949999999999
alpha_swap: 4.16641
rgb_swap: 29.21395
    round1: 2.13301 1.37342 4.63455
    

process_count: 2 C E
CUDA_DVR: 1.72389
alpha_swap: 4.279925
rgb_swap: 22.4451
    round1: 1.57666 1.37180 6.35406


process_count: 2 NC F
CUDA_DVR: 3.9354875
alpha_swap: 4.171745
rgb_swap: 14.78035
    round1: 0 0 2.84220

process_count: 2 NC E
CUDA_DVR: 2.7878425
alpha_swap: 4.1190375
rgb_swap: 21.87705
    round1: 0 0 0.57423

